ID	C1	C2	C3	C4	C5	C6	C7	C8	C9	C10	C11	C12	C13	C14	C15	C16	C17	C19	C20	C21	C22	C23	C24	C25	C26	C27	C28	C29	C30	C31	C32	C33	C34	C35	C36	C37	C38	C39	C40	C41	C42	C43	C44	C45	C46	C47	C48	C49	C50	C51	C52	C53	C54	C55	C56	C57	C58	C59	C60	C61	C62	C63	C64	C65	C66	C67	C68	C69	C70	C71	C72	C73	C74	C75	C76	C77	C78	C79	C80	C81	C82	C83	C84	C85	C86	C87	C88	C89	C90
AA	0.131978891	0.181861478	0.086631085	0.198161019	0.160642127	0.095957332	0.075037448	0.147636718	0.530996804	0.134759653	0.127786357	0.165305251	0.162053898	0.107465407	0.11302693	0.152428184	0.447531172	0.416301079	0.091722018	0.210567495	0.219893742	0.600045256	0.10357234	0.376472015	0.223016751	0.297968974	0.256685358	0.10357234	0.092363732	0.111358474	0.601842056	0.154310546	0.130524338	0.097369103	0.156192908	0.129454815	0.135871957	0.117775616	0.08551878	0.119358511	0.247829702	0.324022572	0.710976257	0.157519117	0.116321063	0.265113204	0.108064341	0.124363882	0.162267803	0.090096341	0.141176794	0.123679387	0.158930889	0.112813025	0.166032526	0.106823693	0.137412071	0.115080416	0.12924091	0.16573306	0.114438702	0.11259912	0.171551268	0.198075457	0.421777041	0.129112567	0.119529635	0.10849215	0.23653553	0.103657902	0.098866436	0.111016225	0.09274876	0.09993596	0.216941856	0.07563638	0.175487116	0.163893479	0.245605092	0.664601708	0.137668757	0.10536914	0.153027118	0.333306038	0.143957557	0.173048603	0.082481333	0.342033352	0.105240798
AB	0.305755106	0.078844951	0.121326434	0.125390625	0.23067454	0.280899375	0.072256685	0.09544396	0.075679162	0.101518855	0.078930514	0.317348743	0.340065427	0.1395939	0.230845665	0.155080603	0.074010705	0.074053485	0.261134576	0.131465519	0.109561674	0.159059232	0.676067003	0.0791872	0.254674653	0.08911238	0.184428335	0.105625826	0.255915301	0.09946537	0.073026743	0.537413947	0.313712363	0.0755936	0.093005446	0.097454665	0.492365606	0.072812838	0.140834547	0.073967924	0.08145459	0.082951923	0.075721943	0.080256723	0.705414734	0.079058856	0.073625676	0.262032976	0.315252478	0.559959507	0.274567794	0.273369928	0.36406554	0.074951886	0.075379695	0.134374624	0.111657939	0.277819147	0.273369928	0.11841733	0.631489253	0.488386979	0.142716909	0.08688777	0.096898512	0.457071324	0.392771558	0.818014192	0.080000037	0.495745302	0.196792029	0.361327559	0.109989483	0.165861403	0.209112942	0.073240648	0.192856181	0.090909179	0.084705942	0.073582895	0.091508113	0.147551156	0.160043193	0.111444035	0.191016601	0.106053636	0.186695725	0.095230056	0.073582895
AC	0.169326659	0.48214096	0.077048152	0.073925143	0.087871732	0.086374399	0.072213905	0.379209996	0.141732948	0.568045106	0.47491098	0.088470665	0.07606419	0.188535305	0.107636531	0.116492187	0.089925218	0.072556152	0.088727352	0.073625676	0.429905421	0.073882362	0.112085749	0.112770245	0.082524113	0.1458827	0.074395734	0.081240685	0.0737968	0.074139047	0.396194033	0.075764723	0.108021559	0.108877178	0.200642314	0.120470815	0.08504819	0.284963565	0.183401592	0.446418868	0.087187237	0.072983962	0.121882587	0.423873307	0.073754019	0.190973819	0.080470628	0.104727426	0.213647723	0.075850285	0.110203388	0.192257248	0.115807692	0.285476936	0.072256685	0.07383958	0.658355689	0.087914513	0.262803034	0.078631047	0.124107196	0.076663124	0.108577711	0.273113242	0.116877216	0.119914663	0.156364031	0.078887733	0.085818246	0.096770169	0.111358474	0.109946702	0.093561598	0.107722092	0.088855694	0.300022459	0.14772228	0.081796837	0.20136959	0.092192608	0.109005521	0.075080228	0.083679199	0.073069524	0.408942756	0.216342922	0.080171161	0.158118051	0.282995642
AD	0.170909554	0.082224647	0.108406588	0.15135866	0.232214655	0.194738544	0.072171124	0.202824143	0.08641718	0.110887883	0.094930589	0.326931677	0.112214093	0.311059944	0.146267727	0.512686558	0.079572228	0.073197866	0.23516654	0.095828988	0.079401105	0.074524076	0.106353102	0.29197964	0.083935884	0.099208683	0.191743877	0.080342286	0.095957332	0.140363957	0.085005408	0.178567344	0.190460448	0.072641714	0.413092508	0.117476149	0.126246244	0.072598934	0.092406513	0.073582895	0.078973295	0.074352952	0.075080228	0.073326209	0.159743727	0.209626314	0.072983962	0.163807917	0.2044926	0.101048265	0.167187612	0.275337852	0.123893292	0.088812913	0.075465257	0.198802733	0.14815009	0.121411996	0.106524226	0.107764874	0.203808104	0.143743652	0.218182504	0.112513558	0.080641751	0.237091683	0.252193358	0.099080341	0.298653469	0.112641902	0.369712625	0.173305288	0.107379845	0.194396296	0.123764948	0.072256685	0.093689941	0.858057161	0.100919921	0.082267428	0.63807752	0.115337101	0.189947077	0.261776291	0.092834322	0.097625788	0.078417142	0.121754244	0.072128343
AE	0.159487041	0.07875939	0.225070236	0.07743318	0.074652419	0.395723442	0.073582895	0.135144681	0.078930514	0.078673828	0.074395734	0.088128418	0.224171836	0.245091721	0.123251578	0.110117826	0.105112455	0.078288799	0.338696437	0.148749023	0.072641714	0.072299467	0.100962703	0.078374361	0.163465669	0.094288875	0.09903756	0.384814301	0.326247181	0.256642577	0.073411771	0.147978965	0.072641714	0.131679424	0.099251465	0.075251353	0.098395846	0.072898399	0.07786099	0.074096267	0.072427809	0.156920185	0.07786099	0.128428072	0.074994666	0.091508113	0.072299467	0.112085749	0.114952073	0.119187387	0.117732835	0.123593825	0.091978703	0.078417142	0.56462263	0.47717837	0.113155274	0.349905046	0.185027267	0.114139235	0.093689941	0.092449294	0.079572228	0.072342247	0.093903846	0.090181903	0.08731558	0.089326284	0.13103771	0.093604379	0.103144531	0.186866849	0.344044056	0.323081391	0.123251578	0.07606419	0.10126217	0.075850285	0.181861478	0.152043156	0.073582895	0.133519005	0.267979528	0.098695312	0.187936373	0.099337026	0.099123121	0.155807879	0.07383958
AF	0.101390512	0.125861215	0.091379769	0.111657939	0.098994779	0.135572491	0.075764723	0.144385366	0.146481632	0.087914513	0.080727313	0.091336989	0.120984187	0.115337101	0.146182166	0.083422514	0.147893404	0.118203425	0.124406662	0.126032339	0.110246168	0.083807542	0.086973332	0.085604342	0.138781062	0.104299616	0.131551082	0.105882512	0.151101975	0.135273024	0.087572266	0.123722168	0.092064265	0.165561936	0.09364716	0.076834248	0.103615122	0.112813025	0.077219276	0.103700684	0.096770169	0.138652719	0.089497408	0.176856106	0.099593712	0.109604454	0.090224685	0.09813916	0.148235652	0.084791503	0.101091046	0.095615084	0.12787192	0.083935884	0.218866999	0.165134126	0.083208609	0.124791691	0.094759465	0.101604417	0.105625826	0.100663236	0.092577637	0.089625751	0.169711688	0.128813101	0.084748723	0.09227817	0.1368987	0.088171199	0.078887733	0.097283541	0.115294321	0.106395883	0.108663273	0.076919809	0.129797062	0.074566857	0.10177554	0.141048452	0.083764761	0.086117713	0.136813138	0.136043081	0.094973369	0.099764836	0.088855694	0.10759375	0.077304838
AG	0.103957369	0.07563638	0.086545523	0.138438815	0.116577749	0.124107196	0.072299467	0.131679424	0.09001078	0.10536914	0.087187237	0.110117826	0.114652607	0.135529709	0.11028895	0.117176682	0.082310209	0.07247059	0.155208947	0.127358548	0.087144456	0.080427847	0.092406513	0.097925255	0.105240798	0.085689904	0.089754094	0.086802208	0.197604867	0.35461095	0.076877028	0.141519043	0.138524376	0.072299467	0.133219538	0.176299954	0.166674241	0.072342247	0.084834285	0.072427809	0.104128493	0.081882399	0.075508038	0.074053485	0.139765023	0.083893104	0.072085524	0.104171274	0.118288987	0.129754282	0.094631122	0.097454665	0.109946702	0.077561523	0.080941218	0.131936109	0.102716721	0.092877104	0.08372198	0.161069937	0.102374474	0.101989445	0.09634236	0.082395771	0.096214017	0.144513709	0.115379882	0.104513521	0.116834435	0.09771135	0.097882475	0.146567194	0.109219425	0.118160645	0.085475999	0.072342247	0.093946627	0.124192758	0.16034266	0.082738018	0.167487078	0.091550894	0.120342472	0.11798952	0.087615046	0.102288912	0.081283466	0.112984149	0.072171124
AH	0.155294508	0.072598934	0.089026817	0.101861102	0.454761152	0.08192518	0.072	0.101861102	0.072299467	0.0737968	0.127615234	0.072983962	0.072855619	0.073326209	0.262118538	0.07247059	0.072	0.074139047	0.132363919	0.082053523	0.072513372	0.076406437	0.101903884	0.077689867	0.073026743	0.072556152	0.151914814	0.072	0.087101675	0.128214167	0.073069524	0.098780874	0.338097504	0.072299467	0.118374549	0.078802171	0.170096717	0.072727276	0.076192533	0.072	0.073326209	0.072085524	0.072256685	0.072556152	0.075251353	0.072641714	0.072598934	0.20675999	0.098524189	0.090823617	0.168342697	0.1422891	0.208727914	0.106652569	0.072128343	0.081197904	0.088727352	0.145283766	0.222674503	0.099679275	0.098866436	0.102374474	0.254931339	0.078673828	0.072342247	0.092320951	0.189690391	0.077903771	0.072427809	0.102460036	0.109005521	0.16124106	0.193497896	0.079486666	0.133732909	0.072256685	0.103914589	0.072256685	0.072299467	0.072513372	0.14275969	0.170866774	0.072727276	0.143230281	0.118032301	0.10669535	0.072128343	0.076192533	0.072855619
AI	0.109219425	0.088898475	0.082352989	0.343701809	0.090909179	0.07696259	0.073754019	0.087187237	0.09997874	0.089967998	0.21398997	0.118845139	0.081882399	0.091165865	0.122567082	0.079743352	0.096556265	0.082994704	0.07786099	0.096641827	0.085989371	0.077818209	0.078032114	0.094802246	0.088000075	0.092235389	0.083508075	0.077133714	0.098866436	0.095272836	0.096812951	0.077775428	0.084235351	0.115422664	0.082524113	0.084320913	0.084577599	0.078502704	0.079572228	0.08325139	0.395766224	0.089625751	0.095401179	0.080299504	0.110973445	0.087016113	0.085647123	0.079871695	0.090652494	0.085219313	0.110502855	0.115465444	0.081967961	0.07786099	0.078887733	0.078588266	0.085347656	0.089668532	0.07606419	0.090524151	0.075978628	0.082395771	0.129925405	0.081754057	0.104684645	0.08102678	0.081240685	0.076320876	0.080171161	0.084021447	0.076278095	0.078973295	0.128128606	0.108235464	0.093732723	0.077647085	0.088984037	0.075508038	0.096470703	0.093091008	0.085861028	0.095016151	0.09724076	0.093433256	0.080042819	0.089925218	0.078716609	0.082566895	0.077347618
