gene	A	B	C	D	E	F	G	H	I	J	K	L	M	N	O	P	Q	R	S	T
Rasa2	30	42	36	2	43	5	29	49	33	86	76	86	95	80	73	67	96	81	69	77
Mmp16	17	47	6	45	32	29	46	46	5	69	65	51	50	80	95	58	85	52	96	70
Ptar1	34	7	31	34	3	10	46	22	25	62	72	72	77	84	77	61	80	92	64	80
Zbtb37	23	22	34	16	38	35	7	43	16	63	98	93	98	74	67	86	77	71	52	82
Vmn2r44	9	16	32	40	10	10	26	40	8	71	93	76	93	91	64	68	53	64	63	68
Ro/31-ps13AC131785.2	32	33	30	37	3	44	28	14	6	50	54	81	74	84	82	100	64	62	51	87
Inhbb	43	44	39	31	7	19	38	9	26	78	71	97	91	52	79	96	53	94	76	87
ccdc117	23	38	20	9	21	2	16	48	32	85	94	54	56	84	61	91	51	100	77	65
Nfil3Cxcr4	33	45	20	7	44	21	40	29	18	62	78	78	70	83	51	81	63	99	99	60
Btg2	17	46	26	14	32	13	28	19	41	62	100	92	57	52	96	81	52	99	75	77
FosArc	9	41	38	33	17	7	26	48	18	74	55	51	51	94	89	89	88	75	69	57
Arl4dDusp1	39	42	4	16	18	7	35	21	9	54	64	59	69	56	64	93	80	58	70	91
Junb	25	2	6	28	8	7	29	39	26	50	50	95	69	52	63	71	56	85	56	70
Tent5aTrim59	29	47	46	25	6	35	29	22	45	92	96	67	70	77	88	66	80	87	62	82
Plin4	9	8	49	24	5	4	26	34	14	76	97	52	73	60	97	86	94	73	50	99
Smtn	2	19	6	32	43	44	47	25	22	93	92	79	77	59	73	57	84	95	75	65
Pagr5	28	2	9	3	20	24	28	25	16	78	94	63	73	68	56	56	94	51	53	98
Cavin1S/c2a1	20	40	8	7	41	24	37	33	49	63	72	67	50	95	100	69	67	76	54	99
PlItoEphb4Tead4	22	39	46	50	13	38	38	26	17	54	90	92	86	99	85	97	56	85	63	67
Tinag/1	45	16	20	14	28	25	48	20	7	69	56	73	62	55	57	89	70	76	67	87
Nostrin	38	36	35	22	32	45	10	15	16	88	96	71	67	95	60	86	62	68	62	68
Zbtb16Acvrl1	10	33	33	46	17	5	10	21	45	65	53	68	97	71	67	69	93	83	83	96
Nos3Eha2	3	24	45	16	11	49	13	45	43	50	88	92	55	64	52	84	61	90	83	62
Oadf2	31	46	33	6	26	41	32	21	42	61	64	89	75	63	87	90	54	56	75	95
Snapc	4	40	41	41	17	14	8	49	34	53	50	68	59	90	58	55	61	56	99	51
SIc6a	4	30	46	3	2	34	17	5	3	69	77	94	100	87	65	100	61	63	71	92
Raadil	41	47	41	42	19	12	26	44	30	66	72	99	98	59	59	87	78	70	68	73
Mrta	14	10	38	30	9	38	41	5	38	77	89	98	90	72	96	74	69	96	71	51
Ubeb	5	11	49	38	40	29	24	4	36	50	74	58	58	61	97	52	59	73	80	65
Stab	36	15	27	39	44	48	46	29	40	69	52	55	62	75	57	69	65	64	70	72
Podl	46	39	13	1	3	1	19	13	38	46	13	28	43	36	41	42	27	25	16	33
Lam3	8	27	40	31	43	49	14	20	1	32	37	11	15	27	28	21	39	7	26	16
Semag	31	15	15	10	8	12	49	42	27	13	3	31	12	19	13	27	4	20	31	12
Tie1	8	19	41	1	3	12	2	47	9	35	21	4	37	17	47	10	30	29	34	12
Angpt2	2	20	27	28	41	46	42	23	46	41	38	21	33	49	14	42	21	1	19	29
Hif3	29	8	42	25	7	9	40	30	9	19	38	34	21	43	41	40	18	49	36	14
Trpv	40	18	37	14	41	41	22	18	26	2	37	36	8	40	35	48	3	21	23	23
Sh3t1	38	43	29	22	41	9	16	40	38	24	6	4	28	50	13	3	35	45	25	29
Ccm2	21	26	46	37	31	35	43	37	28	12	22	32	10	41	26	23	35	24	27	14
Odf2	25	12	29	32	46	35	38	23	49	33	17	17	30	4	35	32	17	42	49	50
Snapc4	77	100	88	85	96	44	56	68	52	29	3	4	3	44	49	21	27	49	35	43
Sic6a6	89	47	54	43	97	43	64	66	62	13	50	8	46	41	39	23	47	13	4	11
Radil	69	96	72	70	40	59	97	70	44	37	5	7	38	9	16	35	4	2	35	6
Mrtfa	44	74	85	63	61	89	76	75	58	35	35	37	22	16	25	27	36	2	25	31
Ube4b	81	99	47	85	71	59	90	82	84	33	26	14	26	20	13	49	33	21	24	35
Stab1	46	84	77	79	59	52	47	46	89	46	30	36	6	15	1	50	44	42	28	42
Podxl	77	79	78	100	46	52	53	42	44	38	16	15	33	3	25	21	6	12	47	13
Lamc3	47	81	72	87	78	90	85	55	54	22	17	26	37	10	10	9	28	9	49	1
Sema3g	44	78	82	81	54	88	89	67	99	1	34	36	22	48	36	24	3	37	15	37
Ti1	61	55	86	81	60	45	90	92	81	13	18	3	47	1	5	18	32	15	9	6
Angptl2	100	85	86	48	88	45	53	98	68	27	9	42	5	28	43	27	22	48	31	46
Hif3a	40	68	98	88	67	62	69	60	96	8	41	20	40	45	37	36	17	8	26	14
Trpv4	84	58	54	95	49	45	65	57	42	37	15	2	46	44	11	37	39	33	15	5
Sh3tc1	92	81	55	70	44	79	84	72	41	14	3	32	43	44	42	21	29	5	47	31
Ccm2/	69	80	75	45	40	81	60	83	47	7	29	29	34	45	35	5	19	36	20	37
9630041A04Rik	86	96	41	77	95	50	98	81	47	27	49	41	14	42	4	26	49	16	11	39
St6galnac2	51	40	98	40	60	76	76	70	43	12	4	25	5	16	29	10	38	22	38	10
Tc123	48	71	59	55	96	59	51	99	83	32	48	45	46	34	22	24	30	28	47	14
Gata2	74	82	100	50	83	99	80	90	98	17	12	28	22	2	2	28	34	37	28	10
Adcy4	62	48	71	80	94	74	57	84	69	1	15	43	45	29	40	14	43	46	26	45
Nes	54	62	83	41	49	66	75	92	58	1	3	9	20	25	23	22	12	41	23	33
Sifn5	71	97	61	77	79	54	59	64	68	43	25	2	37	9	5	18	3	13	22	47
Adgre5	99	66	91	89	94	48	58	68	95	34	29	21	15	11	33	13	46	31	44	10
Robo4	88	80	66	99	58	45	90	95	70	48	30	36	21	33	9	19	39	16	2	42
Hspa12b	51	93	72	64	71	47	57	47	46	49	32	19	27	11	5	9	10	42	35	20
Flt4	53	52	65	41	98	53	48	47	61	17	29	2	19	9	21	30	50	9	45	13
Eng	85	82	65	90	88	54	70	42	71	19	30	47	16	7	13	19	35	16	21	37
Ptch2	68	64	62	49	99	100	98	77	40	49	29	43	2	23	38	10	37	19	9	24
Fn1	59	61	57	97	78	94	87	99	41	24	47	44	22	26	3	28	36	48	40	13
S/c52a3	83	63	67	99	96	79	77	84	78	41	32	40	27	24	24	45	44	5	23	46
Adgri4	94	90	80	79	69	78	73	68	63	50	48	24	40	15	49	7	32	18	17	40