	OTUID	BS	P	LE	RS	RE	SE	VE
1	OTU_1	1	1	1	1	1	1	1
2	OTU_10	1	1	1	1	1	1	1
3	OTU_100	1	1	1	1	1	1	1
4	OTU_1001	1	1	1	1	1	1	1
5	OTU_10041	1	1	1	1	1	1	1
6	OTU_1009	1	1	1	1	1	1	1
7	OTU_101	1	1	1	1	1	1	1
8	OTU_1010	1	1	1	1	1	1	1
9	OTU_1011	1	1	1	1	1	1	1
10	OTU_1012	1	1	1	1	1	1	1
11	OTU_1015	1	1	1	1	1	1	1
12	OTU_1017	1	1	1	1	1	1	1
13	OTU_1018	1	1	1	1	1	1	1
14	OTU_102	1	1	1	1	1	1	1
15	OTU_1020	1	1	1	1	1	1	1
16	OTU_1021	1	1	1	1	1	1	1
17	OTU_1023	1	1	1	1	1	1	1
18	OTU_10233	1	1	1	1	1	1	1
19	OTU_10234	1	1	1	1	1	1	1
20	OTU_1026	1	1	1	1	1	1	1
21	OTU_10292	1	1	1	1	1	1	1
22	OTU_103	1	1	1	1	1	1	1
23	OTU_10313	1	1	1	1	1	1	1
24	OTU_1033	1	1	1	1	1	1	1
25	OTU_1035	1	1	1	1	1	1	1
26	OTU_10377	1	1	1	1	1	1	1
27	OTU_104	1	1	1	1	1	1	1
28	OTU_1040	1	1	1	1	1	1	1
29	OTU_1042	1	1	1	1	1	1	1
30	OTU_1045	1	1	1	1	1	1	1
31	OTU_1046	1	1	1	1	1	1	1
32	OTU_105	1	1	1	1	1	1	1
33	OTU_10504	1	1	1	1	1	1	1
34	OTU_10506	1	1	1	1	1	1	1
35	OTU_1053	1	1	1	1	1	1	1
36	OTU_10540	1	1	1	1	1	1	1
37	OTU_1055	1	1	1	1	1	1	1
38	OTU_10567	1	1	1	1	1	1	1
39	OTU_10578	1	1	1	1	1	1	1
40	OTU_10588	1	1	1	1	1	1	1
41	OTU_10593	1	1	1	1	1	1	1
42	OTU_10597	1	1	1	1	1	1	1
43	OTU_1061	1	1	1	1	1	1	1
44	OTU_10610	1	1	1	1	1	1	1
45	OTU_10612	1	1	1	1	1	1	1
46	OTU_1062	1	1	1	1	1	1	1
47	OTU_10631	1	1	1	1	1	1	1
48	OTU_1066	1	1	1	1	1	1	1
49	OTU_10663	1	1	1	1	1	1	1
50	OTU_1067	1	1	1	1	1	1	1
51	OTU_10686	1	1	1	1	1	1	1
52	OTU_1069	1	1	1	1	1	1	1
53	OTU_107	1	1	1	1	1	1	1
54	OTU_1072	1	1	1	1	1	1	1
55	OTU_10723	1	1	1	1	1	1	1
56	OTU_1075	1	1	1	1	1	1	1
57	OTU_1077	1	1	1	1	1	1	1
58	OTU_1078	1	1	1	1	1	1	1
59	OTU_108	1	1	1	1	1	1	1
60	OTU_1080	1	1	1	1	1	1	1
61	OTU_10805	1	1	1	1	1	1	1
62	OTU_1081	1	1	1	1	1	1	1
63	OTU_1085	1	1	1	1	1	1	1
64	OTU_1086	1	1	1	1	1	1	1
65	OTU_10883	1	1	1	1	1	1	1
66	OTU_10884	1	1	1	1	1	1	1
67	OTU_10888	1	1	1	1	1	1	1
68	OTU_10894	1	1	1	1	1	1	1
69	OTU_109	1	1	1	1	1	1	1
70	OTU_10929	1	1	1	1	1	1	1
71	OTU_10945	1	1	1	1	1	1	1
72	OTU_10950	1	1	1	1	1	1	1
73	OTU_10963	1	1	1	1	1	1	1
74	OTU_1097	1	1	1	1	1	1	1
75	OTU_10973	1	1	1	1	1	1	1
76	OTU_10979	1	1	1	1	1	1	1
77	OTU_10992	1	1	1	1	1	1	1
78	OTU_11	1	1	1	1	1	1	1
79	OTU_110	1	1	1	1	1	1	1
80	OTU_11053	1	1	1	1	1	1	1
81	OTU_1107	1	1	1	1	1	1	1
82	OTU_1108	1	1	1	1	1	1	1
83	OTU_11082	1	1	1	1	1	1	1
84	OTU_111	1	1	1	1	1	1	1
85	OTU_11140	1	1	1	1	1	1	1
86	OTU_1119	1	1	1	1	1	1	1
87	OTU_112	1	1	1	1	1	1	1
88	OTU_1121	1	1	1	1	1	1	1
89	OTU_1124	1	1	1	1	1	1	1
90	OTU_11288	1	1	1	1	1	1	1
91	OTU_11293	1	1	1	1	1	1	1
92	OTU_113	1	1	1	1	1	1	1
93	OTU_1131	1	1	1	1	1	1	1
94	OTU_1134	1	1	1	1	1	1	1
95	OTU_11360	1	1	1	1	1	1	1
96	OTU_11363	1	1	1	1	1	1	1
97	OTU_11384	1	1	1	1	1	1	1
98	OTU_11399	1	1	1	1	1	1	1
99	OTU_114	1	1	1	1	1	1	1
100	OTU_1140	1	1	1	1	1	1	1
101	OTU_11400	1	1	1	1	1	1	1
102	OTU_11402	1	1	1	1	1	1	1
103	OTU_11405	1	1	1	1	1	1	1
104	OTU_1142	1	1	1	1	1	1	1
105	OTU_1143	1	1	1	1	1	1	1
106	OTU_11445	1	1	1	1	1	1	1
107	OTU_11456	1	1	1	1	1	1	1
108	OTU_11480	1	1	1	1	1	1	1
109	OTU_1149	1	1	1	1	1	1	1
110	OTU_11490	1	1	1	1	1	1	1
111	OTU_115	1	1	1	1	1	1	1
112	OTU_11529	1	1	1	1	1	1	1
113	OTU_11541	1	1	1	1	1	1	1
114	OTU_1157	1	1	1	1	1	1	1
115	OTU_1158	1	1	1	1	1	1	1
116	OTU_1159	1	1	1	1	1	1	1
117	OTU_116	1	1	1	1	1	1	1
118	OTU_1162	1	1	1	1	1	1	1
119	OTU_11632	1	1	1	1	1	1	1
120	OTU_117	1	1	1	1	1	1	1
121	OTU_1170	1	1	1	1	1	1	1
122	OTU_1173	1	1	1	1	1	1	1
123	OTU_1174	1	1	1	1	1	1	1
124	OTU_11740	1	1	1	1	1	1	1
125	OTU_11742	1	1	1	1	1	1	1
126	OTU_11743	1	1	1	1	1	1	1
127	OTU_1176	1	1	1	1	1	1	1
128	OTU_1177	1	1	1	1	1	1	1
129	OTU_11775	1	1	1	1	1	1	1
130	OTU_1178	1	1	1	1	1	1	1
131	OTU_118	1	1	1	1	1	1	1
132	OTU_1181	1	1	1	1	1	1	1
133	OTU_1182	1	1	1	1	1	1	1
134	OTU_11823	1	1	1	1	1	1	1
135	OTU_11824	1	1	1	1	1	1	1
136	OTU_11825	1	1	1	1	1	1	1
137	OTU_11830	1	1	1	1	1	1	1
138	OTU_11839	1	1	1	1	1	1	1
139	OTU_11849	1	1	1	1	1	1	1
140	OTU_1185	1	1	1	1	1	1	1
141	OTU_11854	1	1	1	1	1	1	1
142	OTU_1186	1	1	1	1	1	1	1
143	OTU_11861	1	1	1	1	1	1	1
144	OTU_11864	1	1	1	1	1	1	1
145	OTU_11866	1	1	1	1	1	1	1
146	OTU_11875	1	1	1	1	1	1	1
147	OTU_11888	1	1	1	1	1	1	1
148	OTU_11889	1	1	1	1	1	1	1
149	OTU_1189	1	1	1	1	1	1	1
150	OTU_11890	1	1	1	1	1	1	1
151	OTU_119	1	1	1	1	1	1	1
152	OTU_1190	1	1	1	1	1	1	1
153	OTU_1193	1	1	1	1	1	1	1
154	OTU_1197	1	1	1	1	1	1	1
155	OTU_11979	1	1	1	1	1	1	1
156	OTU_1199	1	1	1	1	1	1	1
157	OTU_12	1	1	1	1	1	1	1
158	OTU_120	1	1	1	1	1	1	1
159	OTU_1200	1	1	1	1	1	1	1
160	OTU_12004	1	1	1	1	1	1	1
161	OTU_1202	1	1	1	1	1	1	1
162	OTU_1207	1	1	1	1	1	1	1
163	OTU_1208	1	1	1	1	1	1	1
164	OTU_121	1	1	1	1	1	1	1
165	OTU_12138	1	1	1	1	1	1	1
166	OTU_1214	1	1	1	1	1	1	1
167	OTU_1216	1	1	1	1	1	1	1
168	OTU_1218	1	1	1	1	1	1	1
169	OTU_122	1	1	1	1	1	1	1
170	OTU_1221	1	1	1	1	1	1	1
171	OTU_12249	1	1	1	1	1	1	1
172	OTU_12277	1	1	1	1	1	1	1
173	OTU_12278	1	1	1	1	1	1	1
174	OTU_12280	1	1	1	1	1	1	1
175	OTU_12283	1	1	1	1	1	1	1
176	OTU_123	1	1	1	1	1	1	1
177	OTU_12309	1	1	1	1	1	1	1
178	OTU_12316	1	1	1	1	1	1	1
179	OTU_12319	1	1	1	1	1	1	1
180	OTU_1233	1	1	1	1	1	1	1
181	OTU_12363	1	1	1	1	1	1	1
182	OTU_1239	1	1	1	1	1	1	1
183	OTU_12398	1	1	1	1	1	1	1
184	OTU_12399	1	1	1	1	1	1	1
185	OTU_124	1	1	1	1	1	1	1
186	OTU_1241	1	1	1	1	1	1	1
187	OTU_12420	1	1	1	1	1	1	1
188	OTU_12428	1	1	1	1	1	1	1
189	OTU_12432	1	1	1	1	1	1	1
190	OTU_12443	1	1	1	1	1	1	1
191	OTU_12447	1	1	1	1	1	1	1
192	OTU_1247	1	1	1	1	1	1	1
193	OTU_125	1	1	1	1	1	1	1
194	OTU_12512	1	1	1	1	1	1	1
195	OTU_12514	1	1	1	1	1	1	1
196	OTU_1252	1	1	1	1	1	1	1
197	OTU_1253	1	1	1	1	1	1	1
198	OTU_12536	1	1	1	1	1	1	1
199	OTU_1256	1	1	1	1	1	1	1
200	OTU_126	1	1	1	1	1	1	1
201	OTU_1260	1	1	1	1	1	1	1
202	OTU_12643	1	1	1	1	1	1	1
203	OTU_12662	1	1	1	1	1	1	1
204	OTU_1267	1	1	1	1	1	1	1
205	OTU_12679	1	1	1	1	1	1	1
206	OTU_12688	1	1	1	1	1	1	1
207	OTU_127	1	1	1	1	1	1	1
208	OTU_1273	1	1	1	1	1	1	1
209	OTU_12747	1	1	1	1	1	1	1
210	OTU_1275	1	1	1	1	1	1	1
211	OTU_12754	1	1	1	1	1	1	1
212	OTU_1276	1	1	1	1	1	1	1
213	OTU_1278	1	1	1	1	1	1	1
214	OTU_1279	1	1	1	1	1	1	1
215	OTU_128	1	1	1	1	1	1	1
216	OTU_1284	1	1	1	1	1	1	1
217	OTU_12849	1	1	1	1	1	1	1
218	OTU_1287	1	1	1	1	1	1	1
219	OTU_12875	1	1	1	1	1	1	1
220	OTU_12881	1	1	1	1	1	1	1
221	OTU_129	1	1	1	1	1	1	1
222	OTU_1291	1	1	1	1	1	1	1
223	OTU_1292	1	1	1	1	1	1	1
224	OTU_12929	1	1	1	1	1	1	1
225	OTU_1294	1	1	1	1	1	1	1
226	OTU_1295	1	1	1	1	1	1	1
227	OTU_1299	1	1	1	1	1	1	1
228	OTU_12993	1	1	1	1	1	1	1
229	OTU_12996	1	1	1	1	1	1	1
230	OTU_13	1	1	1	1	1	1	1
231	OTU_130	1	1	1	1	1	1	1
232	OTU_13008	1	1	1	1	1	1	1
233	OTU_13029	1	1	1	1	1	1	1
234	OTU_13045	1	1	1	1	1	1	1
235	OTU_13049	1	1	1	1	1	1	1
236	OTU_1305	1	1	1	1	1	1	1
237	OTU_13050	1	1	1	1	1	1	1
238	OTU_13067	1	1	1	1	1	1	1
239	OTU_13069	1	1	1	1	1	1	1
240	OTU_13079	1	1	1	1	1	1	1
241	OTU_13084	1	1	1	1	1	1	1
242	OTU_13096	1	1	1	1	1	1	1
243	OTU_131	1	1	1	1	1	1	1
244	OTU_1311	1	1	1	1	1	1	1
245	OTU_13118	1	1	1	1	1	1	1
246	OTU_1315	1	1	1	1	1	1	1
247	OTU_13154	1	1	1	1	1	1	1
248	OTU_1318	1	1	1	1	1	1	1
249	OTU_1319	1	1	1	1	1	1	1
250	OTU_13191	1	1	1	1	1	1	1
251	OTU_132	1	1	1	1	1	1	1
252	OTU_1320	1	1	1	1	1	1	1
253	OTU_13235	1	1	1	1	1	1	1
254	OTU_13249	1	1	1	1	1	1	1
255	OTU_13267	1	1	1	1	1	1	1
256	OTU_1327	1	1	1	1	1	1	1
257	OTU_1328	1	1	1	1	1	1	1
258	OTU_13287	1	1	1	1	1	1	1
259	OTU_133	1	1	1	1	1	1	1
260	OTU_1331	1	1	1	1	1	1	1
261	OTU_13347	1	1	1	1	1	1	1
262	OTU_13359	1	1	1	1	1	1	1
263	OTU_1336	1	1	1	1	1	1	1
264	OTU_13371	1	1	1	1	1	1	1
265	OTU_1338	1	1	1	1	1	1	1
266	OTU_1339	1	1	1	1	1	1	1
267	OTU_134	1	1	1	1	1	1	1
268	OTU_1341	1	1	1	1	1	1	1
269	OTU_13418	1	1	1	1	1	1	1
270	OTU_13427	1	1	1	1	1	1	1
271	OTU_135	1	1	1	1	1	1	1
272	OTU_1352	1	1	1	1	1	1	1
273	OTU_13583	1	1	1	1	1	1	1
274	OTU_13587	1	1	1	1	1	1	1
275	OTU_136	1	1	1	1	1	1	1
276	OTU_13613	1	1	1	1	1	1	1
277	OTU_13615	1	1	1	1	1	1	1
278	OTU_13625	1	1	1	1	1	1	1
279	OTU_1364	1	1	1	1	1	1	1
280	OTU_13647	1	1	1	1	1	1	1
281	OTU_1368	1	1	1	1	1	1	1
282	OTU_137	1	1	1	1	1	1	1
283	OTU_13712	1	1	1	1	1	1	1
284	OTU_13717	1	1	1	1	1	1	1
285	OTU_13738	1	1	1	1	1	1	1
286	OTU_13756	1	1	1	1	1	1	1
287	OTU_13779	1	1	1	1	1	1	1
288	OTU_13784	1	1	1	1	1	1	1
289	OTU_138	1	1	1	1	1	1	1
290	OTU_13802	1	1	1	1	1	1	1
291	OTU_13828	1	1	1	1	1	1	1
292	OTU_13836	1	1	1	1	1	1	1
293	OTU_13839	1	1	1	1	1	1	1
294	OTU_1388	1	1	1	1	1	1	1
295	OTU_1389	1	1	1	1	1	1	1
296	OTU_139	1	1	1	1	1	1	1
297	OTU_1391	1	1	1	1	1	1	1
298	OTU_1393	1	1	1	1	1	1	1
299	OTU_14	1	1	1	1	1	1	1
300	OTU_140	1	1	1	1	1	1	1
301	OTU_1402	1	1	1	1	1	1	1
302	OTU_1407	1	1	1	1	1	1	1
303	OTU_1409	1	1	1	1	1	1	1
304	OTU_141	1	1	1	1	1	1	1
305	OTU_1413	1	1	1	1	1	1	1
306	OTU_1418	1	1	1	1	1	1	1
307	OTU_1423	1	1	1	1	1	1	1
308	OTU_1424	1	1	1	1	1	1	1
309	OTU_1427	1	1	1	1	1	1	1
310	OTU_143	1	1	1	1	1	1	1
311	OTU_1434	1	1	1	1	1	1	1
312	OTU_1438	1	1	1	1	1	1	1
313	OTU_144	1	1	1	1	1	1	1
314	OTU_1442	1	1	1	1	1	1	1
315	OTU_145	1	1	1	1	1	1	1
316	OTU_1453	1	1	1	1	1	1	1
317	OTU_146	1	1	1	1	1	1	1
318	OTU_1465	1	1	1	1	1	1	1
319	OTU_147	1	1	1	1	1	1	1
320	OTU_1473	1	1	1	1	1	1	1
321	OTU_1479	1	1	1	1	1	1	1
322	OTU_148	1	1	1	1	1	1	1
323	OTU_1480	1	1	1	1	1	1	1
324	OTU_1481	1	1	1	1	1	1	1
325	OTU_1486	1	1	1	1	1	1	1
326	OTU_1487	1	1	1	1	1	1	1
327	OTU_149	1	1	1	1	1	1	1
328	OTU_1497	1	1	1	1	1	1	1
329	OTU_15	1	1	1	1	1	1	1
330	OTU_150	1	1	1	1	1	1	1
331	OTU_1502	1	1	1	1	1	1	1
332	OTU_1505	1	1	1	1	1	1	1
333	OTU_1506	1	1	1	1	1	1	1
334	OTU_151	1	1	1	1	1	1	1
335	OTU_1513	1	1	1	1	1	1	1
336	OTU_1515	1	1	1	1	1	1	1
337	OTU_1516	1	1	1	1	1	1	1
338	OTU_1519	1	1	1	1	1	1	1
339	OTU_152	1	1	1	1	1	1	1
340	OTU_1520	1	1	1	1	1	1	1
341	OTU_1527	1	1	1	1	1	1	1
342	OTU_1529	1	1	1	1	1	1	1
343	OTU_153	1	1	1	1	1	1	1
344	OTU_1530	1	1	1	1	1	1	1
345	OTU_1533	1	1	1	1	1	1	1
346	OTU_1536	1	1	1	1	1	1	1
347	OTU_1539	1	1	1	1	1	1	1
348	OTU_154	1	1	1	1	1	1	1
349	OTU_1547	1	1	1	1	1	1	1
350	OTU_155	1	1	1	1	1	1	1
351	OTU_1555	1	1	1	1	1	1	1
352	OTU_1556	1	1	1	1	1	1	1
353	OTU_1558	1	1	1	1	1	1	1
354	OTU_156	1	1	1	1	1	1	1
355	OTU_157	1	1	1	1	1	1	1
356	OTU_1575	1	1	1	1	1	1	1
357	OTU_1579	1	1	1	1	1	1	1
358	OTU_158	1	1	1	1	1	1	1
359	OTU_159	1	1	1	1	1	1	1
360	OTU_1593	1	1	1	1	1	1	1
361	OTU_1597	1	1	1	1	1	1	1
362	OTU_16	1	1	1	1	1	1	1
363	OTU_160	1	1	1	1	1	1	1
364	OTU_1608	1	1	1	1	1	1	1
365	OTU_161	1	1	1	1	1	1	1
366	OTU_162	1	1	1	1	1	1	1
367	OTU_1620	1	1	1	1	1	1	1
368	OTU_1625	1	1	1	1	1	1	1
369	OTU_1629	1	1	1	1	1	1	1
370	OTU_163	1	1	1	1	1	1	1
371	OTU_1630	1	1	1	1	1	1	1
372	OTU_1632	1	1	1	1	1	1	1
373	OTU_164	1	1	1	1	1	1	1
374	OTU_1644	1	1	1	1	1	1	1
375	OTU_1649	1	1	1	1	1	1	1
376	OTU_165	1	1	1	1	1	1	1
377	OTU_1650	1	1	1	1	1	1	1
378	OTU_166	1	1	1	1	1	1	1
379	OTU_1664	1	1	1	1	1	1	1
380	OTU_1667	1	1	1	1	1	1	1
381	OTU_1668	1	1	1	1	1	1	1
382	OTU_167	1	1	1	1	1	1	1
383	OTU_1671	1	1	1	1	1	1	1
384	OTU_1673	1	1	1	1	1	1	1
385	OTU_1675	1	1	1	1	1	1	1
386	OTU_168	1	1	1	1	1	1	1
387	OTU_1684	1	1	1	1	1	1	1
388	OTU_1686	1	1	1	1	1	1	1
389	OTU_169	1	1	1	1	1	1	1
390	OTU_1691	1	1	1	1	1	1	1
391	OTU_1698	1	1	1	1	1	1	1
392	OTU_17	1	1	1	1	1	1	1
393	OTU_170	1	1	1	1	1	1	1
394	OTU_1703	1	1	1	1	1	1	1
395	OTU_172	1	1	1	1	1	1	1
396	OTU_1720	1	1	1	1	1	1	1
397	OTU_1723	1	1	1	1	1	1	1
398	OTU_1726	1	1	1	1	1	1	1
399	OTU_173	1	1	1	1	1	1	1
400	OTU_1732	1	1	1	1	1	1	1
401	OTU_1735	1	1	1	1	1	1	1
402	OTU_1739	1	1	1	1	1	1	1
403	OTU_174	1	1	1	1	1	1	1
404	OTU_1744	1	1	1	1	1	1	1
405	OTU_1746	1	1	1	1	1	1	1
406	OTU_175	1	1	1	1	1	1	1
407	OTU_1753	1	1	1	1	1	1	1
408	OTU_1755	1	1	1	1	1	1	1
409	OTU_1756	1	1	1	1	1	1	1
410	OTU_176	1	1	1	1	1	1	1
411	OTU_177	1	1	1	1	1	1	1
412	OTU_1772	1	1	1	1	1	1	1
413	OTU_178	1	1	1	1	1	1	1
414	OTU_179	1	1	1	1	1	1	1
415	OTU_1797	1	1	1	1	1	1	1
416	OTU_18	1	1	1	1	1	1	1
417	OTU_180	1	1	1	1	1	1	1
418	OTU_1803	1	1	1	1	1	1	1
419	OTU_1808	1	1	1	1	1	1	1
420	OTU_1809	1	1	1	1	1	1	1
421	OTU_181	1	1	1	1	1	1	1
422	OTU_182	1	1	1	1	1	1	1
423	OTU_1823	1	1	1	1	1	1	1
424	OTU_183	1	1	1	1	1	1	1
425	OTU_1843	1	1	1	1	1	1	1
426	OTU_1847	1	1	1	1	1	1	1
427	OTU_1848	1	1	1	1	1	1	1
428	OTU_185	1	1	1	1	1	1	1
429	OTU_1852	1	1	1	1	1	1	1
430	OTU_1853	1	1	1	1	1	1	1
431	OTU_1854	1	1	1	1	1	1	1
432	OTU_1858	1	1	1	1	1	1	1
433	OTU_186	1	1	1	1	1	1	1
434	OTU_1868	1	1	1	1	1	1	1
435	OTU_187	1	1	1	1	1	1	1
436	OTU_188	1	1	1	1	1	1	1
437	OTU_1884	1	1	1	1	1	1	1
438	OTU_1886	1	1	1	1	1	1	1
439	OTU_1888	1	1	1	1	1	1	1
440	OTU_189	1	1	1	1	1	1	1
441	OTU_19	1	1	1	1	1	1	1
442	OTU_190	1	1	1	1	1	1	1
443	OTU_191	1	1	1	1	1	1	1
444	OTU_1922	1	1	1	1	1	1	1
445	OTU_193	1	1	1	1	1	1	1
446	OTU_194	1	1	1	1	1	1	1
447	OTU_1941	1	1	1	1	1	1	1
448	OTU_1946	1	1	1	1	1	1	1
449	OTU_195	1	1	1	1	1	1	1
450	OTU_1959	1	1	1	1	1	1	1
451	OTU_1976	1	1	1	1	1	1	1
452	OTU_1978	1	1	1	1	1	1	1
453	OTU_198	1	1	1	1	1	1	1
454	OTU_1984	1	1	1	1	1	1	1
455	OTU_199	1	1	1	1	1	1	1
456	OTU_1991	1	1	1	1	1	1	1
457	OTU_1998	1	1	1	1	1	1	1
458	OTU_2	1	1	1	1	1	1	1
459	OTU_20	1	1	1	1	1	1	1
460	OTU_200	1	1	1	1	1	1	1
461	OTU_2011	1	1	1	1	1	1	1
462	OTU_202	1	1	1	1	1	1	1
463	OTU_2022	1	1	1	1	1	1	1
464	OTU_2025	1	1	1	1	1	1	1
465	OTU_203	1	1	1	1	1	1	1
466	OTU_2030	1	1	1	1	1	1	1
467	OTU_204	1	1	1	1	1	1	1
468	OTU_2040	1	1	1	1	1	1	1
469	OTU_2041	1	1	1	1	1	1	1
470	OTU_2044	1	1	1	1	1	1	1
471	OTU_2049	1	1	1	1	1	1	1
472	OTU_206	1	1	1	1	1	1	1
473	OTU_207	1	1	1	1	1	1	1
474	OTU_2070	1	1	1	1	1	1	1
475	OTU_2071	1	1	1	1	1	1	1
476	OTU_2077	1	1	1	1	1	1	1
477	OTU_2079	1	1	1	1	1	1	1
478	OTU_208	1	1	1	1	1	1	1
479	OTU_2081	1	1	1	1	1	1	1
480	OTU_2085	1	1	1	1	1	1	1
481	OTU_209	1	1	1	1	1	1	1
482	OTU_2095	1	1	1	1	1	1	1
483	OTU_21	1	1	1	1	1	1	1
484	OTU_210	1	1	1	1	1	1	1
485	OTU_2103	1	1	1	1	1	1	1
486	OTU_2104	1	1	1	1	1	1	1
487	OTU_211	1	1	1	1	1	1	1
488	OTU_2117	1	1	1	1	1	1	1
489	OTU_213	1	1	1	1	1	1	1
490	OTU_2135	1	1	1	1	1	1	1
491	OTU_214	1	1	1	1	1	1	1
492	OTU_2140	1	1	1	1	1	1	1
493	OTU_2146	1	1	1	1	1	1	1
494	OTU_215	1	1	1	1	1	1	1
495	OTU_216	1	1	1	1	1	1	1
496	OTU_217	1	1	1	1	1	1	1
497	OTU_2171	1	1	1	1	1	1	1
498	OTU_2175	1	1	1	1	1	1	1
499	OTU_218	1	1	1	1	1	1	1
500	OTU_219	1	1	1	1	1	1	1
501	OTU_2194	1	1	1	1	1	1	1
502	OTU_22	1	1	1	1	1	1	1
503	OTU_220	1	1	1	1	1	1	1
504	OTU_2206	1	1	1	1	1	1	1
505	OTU_221	1	1	1	1	1	1	1
506	OTU_2214	1	1	1	1	1	1	1
507	OTU_222	1	1	1	1	1	1	1
508	OTU_2220	1	1	1	1	1	1	1
509	OTU_223	1	1	1	1	1	1	1
510	OTU_224	1	1	1	1	1	1	1
511	OTU_2241	1	1	1	1	1	1	1
512	OTU_2243	1	1	1	1	1	1	1
513	OTU_2245	1	1	1	1	1	1	1
514	OTU_2249	1	1	1	1	1	1	1
515	OTU_225	1	1	1	1	1	1	1
516	OTU_2250	1	1	1	1	1	1	1
517	OTU_2253	1	1	1	1	1	1	1
518	OTU_226	1	1	1	1	1	1	1
519	OTU_227	1	1	1	1	1	1	1
520	OTU_228	1	1	1	1	1	1	1
521	OTU_2285	1	1	1	1	1	1	1
522	OTU_229	1	1	1	1	1	1	1
523	OTU_2292	1	1	1	1	1	1	1
524	OTU_23	1	1	1	1	1	1	1
525	OTU_230	1	1	1	1	1	1	1
526	OTU_2302	1	1	1	1	1	1	1
527	OTU_2305	1	1	1	1	1	1	1
528	OTU_2306	1	1	1	1	1	1	1
529	OTU_2311	1	1	1	1	1	1	1
530	OTU_232	1	1	1	1	1	1	1
531	OTU_2321	1	1	1	1	1	1	1
532	OTU_233	1	1	1	1	1	1	1
533	OTU_2340	1	1	1	1	1	1	1
534	OTU_2346	1	1	1	1	1	1	1
535	OTU_235	1	1	1	1	1	1	1
536	OTU_2353	1	1	1	1	1	1	1
537	OTU_236	1	1	1	1	1	1	1
538	OTU_2365	1	1	1	1	1	1	1
539	OTU_237	1	1	1	1	1	1	1
540	OTU_2370	1	1	1	1	1	1	1
541	OTU_2376	1	1	1	1	1	1	1
542	OTU_238	1	1	1	1	1	1	1
543	OTU_2386	1	1	1	1	1	1	1
544	OTU_239	1	1	1	1	1	1	1
545	OTU_24	1	1	1	1	1	1	1
546	OTU_241	1	1	1	1	1	1	1
547	OTU_2410	1	1	1	1	1	1	1
548	OTU_2419	1	1	1	1	1	1	1
549	OTU_242	1	1	1	1	1	1	1
550	OTU_2421	1	1	1	1	1	1	1
551	OTU_2422	1	1	1	1	1	1	1
552	OTU_2423	1	1	1	1	1	1	1
553	OTU_2429	1	1	1	1	1	1	1
554	OTU_2432	1	1	1	1	1	1	1
555	OTU_244	1	1	1	1	1	1	1
556	OTU_2445	1	1	1	1	1	1	1
557	OTU_245	1	1	1	1	1	1	1
558	OTU_2454	1	1	1	1	1	1	1
559	OTU_246	1	1	1	1	1	1	1
560	OTU_2460	1	1	1	1	1	1	1
561	OTU_2464	1	1	1	1	1	1	1
562	OTU_2469	1	1	1	1	1	1	1
563	OTU_247	1	1	1	1	1	1	1
564	OTU_2474	1	1	1	1	1	1	1
565	OTU_2478	1	1	1	1	1	1	1
566	OTU_248	1	1	1	1	1	1	1
567	OTU_2482	1	1	1	1	1	1	1
568	OTU_2486	1	1	1	1	1	1	1
569	OTU_249	1	1	1	1	1	1	1
570	OTU_2492	1	1	1	1	1	1	1
571	OTU_2499	1	1	1	1	1	1	1
572	OTU_25	1	1	1	1	1	1	1
573	OTU_250	1	1	1	1	1	1	1
574	OTU_251	1	1	1	1	1	1	1
575	OTU_2524	1	1	1	1	1	1	1
576	OTU_253	1	1	1	1	1	1	1
577	OTU_2530	1	1	1	1	1	1	1
578	OTU_254	1	1	1	1	1	1	1
579	OTU_2544	1	1	1	1	1	1	1
580	OTU_2549	1	1	1	1	1	1	1
581	OTU_2551	1	1	1	1	1	1	1
582	OTU_2558	1	1	1	1	1	1	1
583	OTU_2563	1	1	1	1	1	1	1
584	OTU_2569	1	1	1	1	1	1	1
585	OTU_257	1	1	1	1	1	1	1
586	OTU_2571	1	1	1	1	1	1	1
587	OTU_2579	1	1	1	1	1	1	1
588	OTU_259	1	1	1	1	1	1	1
589	OTU_26	1	1	1	1	1	1	1
590	OTU_260	1	1	1	1	1	1	1
591	OTU_2606	1	1	1	1	1	1	1
592	OTU_2608	1	1	1	1	1	1	1
593	OTU_261	1	1	1	1	1	1	1
594	OTU_262	1	1	1	1	1	1	1
595	OTU_2620	1	1	1	1	1	1	1
596	OTU_263	1	1	1	1	1	1	1
597	OTU_264	1	1	1	1	1	1	1
598	OTU_2640	1	1	1	1	1	1	1
599	OTU_2649	1	1	1	1	1	1	1
600	OTU_265	1	1	1	1	1	1	1
601	OTU_2650	1	1	1	1	1	1	1
602	OTU_267	1	1	1	1	1	1	1
603	OTU_268	1	1	1	1	1	1	1
604	OTU_2682	1	1	1	1	1	1	1
605	OTU_269	1	1	1	1	1	1	1
606	OTU_2690	1	1	1	1	1	1	1
607	OTU_27	1	1	1	1	1	1	1
608	OTU_270	1	1	1	1	1	1	1
609	OTU_2700	1	1	1	1	1	1	1
610	OTU_2708	1	1	1	1	1	1	1
611	OTU_2714	1	1	1	1	1	1	1
612	OTU_272	1	1	1	1	1	1	1
613	OTU_2726	1	1	1	1	1	1	1
614	OTU_273	1	1	1	1	1	1	1
615	OTU_2739	1	1	1	1	1	1	1
616	OTU_2742	1	1	1	1	1	1	1
617	OTU_2747	1	1	1	1	1	1	1
618	OTU_2748	1	1	1	1	1	1	1
619	OTU_275	1	1	1	1	1	1	1
620	OTU_276	1	1	1	1	1	1	1
621	OTU_277	1	1	1	1	1	1	1
622	OTU_278	1	1	1	1	1	1	1
623	OTU_2786	1	1	1	1	1	1	1
624	OTU_2788	1	1	1	1	1	1	1
625	OTU_279	1	1	1	1	1	1	1
626	OTU_2792	1	1	1	1	1	1	1
627	OTU_28	1	1	1	1	1	1	1
628	OTU_280	1	1	1	1	1	1	1
629	OTU_281	1	1	1	1	1	1	1
630	OTU_2814	1	1	1	1	1	1	1
631	OTU_2815	1	1	1	1	1	1	1
632	OTU_282	1	1	1	1	1	1	1
633	OTU_2822	1	1	1	1	1	1	1
634	OTU_2827	1	1	1	1	1	1	1
635	OTU_283	1	1	1	1	1	1	1
636	OTU_2833	1	1	1	1	1	1	1
637	OTU_285	1	1	1	1	1	1	1
638	OTU_2853	1	1	1	1	1	1	1
639	OTU_286	1	1	1	1	1	1	1
640	OTU_2869	1	1	1	1	1	1	1
641	OTU_287	1	1	1	1	1	1	1
642	OTU_2873	1	1	1	1	1	1	1
643	OTU_2876	1	1	1	1	1	1	1
644	OTU_288	1	1	1	1	1	1	1
645	OTU_2880	1	1	1	1	1	1	1
646	OTU_2881	1	1	1	1	1	1	1
647	OTU_2882	1	1	1	1	1	1	1
648	OTU_2889	1	1	1	1	1	1	1
649	OTU_289	1	1	1	1	1	1	1
650	OTU_2898	1	1	1	1	1	1	1
651	OTU_29	1	1	1	1	1	1	1
652	OTU_290	1	1	1	1	1	1	1
653	OTU_2901	1	1	1	1	1	1	1
654	OTU_292	1	1	1	1	1	1	1
655	OTU_2922	1	1	1	1	1	1	1
656	OTU_2925	1	1	1	1	1	1	1
657	OTU_293	1	1	1	1	1	1	1
658	OTU_2935	1	1	1	1	1	1	1
659	OTU_294	1	1	1	1	1	1	1
660	OTU_2948	1	1	1	1	1	1	1
661	OTU_2949	1	1	1	1	1	1	1
662	OTU_295	1	1	1	1	1	1	1
663	OTU_296	1	1	1	1	1	1	1
664	OTU_2961	1	1	1	1	1	1	1
665	OTU_2966	1	1	1	1	1	1	1
666	OTU_297	1	1	1	1	1	1	1
667	OTU_2970	1	1	1	1	1	1	1
668	OTU_299	1	1	1	1	1	1	1
669	OTU_2998	1	1	1	1	1	1	1
670	OTU_3	1	1	1	1	1	1	1
671	OTU_30	1	1	1	1	1	1	1
672	OTU_3000	1	1	1	1	1	1	1
673	OTU_3010	1	1	1	1	1	1	1
674	OTU_302	1	1	1	1	1	1	1
675	OTU_303	1	1	1	1	1	1	1
676	OTU_304	1	1	1	1	1	1	1
677	OTU_305	1	1	1	1	1	1	1
678	OTU_3052	1	1	1	1	1	1	1
679	OTU_306	1	1	1	1	1	1	1
680	OTU_3063	1	1	1	1	1	1	1
681	OTU_3068	1	1	1	1	1	1	1
682	OTU_308	1	1	1	1	1	1	1
683	OTU_3080	1	1	1	1	1	1	1
684	OTU_3089	1	1	1	1	1	1	1
685	OTU_309	1	1	1	1	1	1	1
686	OTU_31	1	1	1	1	1	1	1
687	OTU_310	1	1	1	1	1	1	1
688	OTU_3110	1	1	1	1	1	1	1
689	OTU_3113	1	1	1	1	1	1	1
690	OTU_3118	1	1	1	1	1	1	1
691	OTU_312	1	1	1	1	1	1	1
692	OTU_3127	1	1	1	1	1	1	1
693	OTU_313	1	1	1	1	1	1	1
694	OTU_3130	1	1	1	1	1	1	1
695	OTU_3134	1	1	1	1	1	1	1
696	OTU_3138	1	1	1	1	1	1	1
697	OTU_315	1	1	1	1	1	1	1
698	OTU_3154	1	1	1	1	1	1	1
699	OTU_317	1	1	1	1	1	1	1
700	OTU_3178	1	1	1	1	1	1	1
701	OTU_319	1	1	1	1	1	1	1
702	OTU_3193	1	1	1	1	1	1	1
703	OTU_3196	1	1	1	1	1	1	1
704	OTU_32	1	1	1	1	1	1	1
705	OTU_320	1	1	1	1	1	1	1
706	OTU_321	1	1	1	1	1	1	1
707	OTU_322	1	1	1	1	1	1	1
708	OTU_3226	1	1	1	1	1	1	1
709	OTU_3229	1	1	1	1	1	1	1
710	OTU_3233	1	1	1	1	1	1	1
711	OTU_3234	1	1	1	1	1	1	1
712	OTU_324	1	1	1	1	1	1	1
713	OTU_3243	1	1	1	1	1	1	1
714	OTU_325	1	1	1	1	1	1	1
715	OTU_3250	1	1	1	1	1	1	1
716	OTU_3256	1	1	1	1	1	1	1
717	OTU_326	1	1	1	1	1	1	1
718	OTU_3262	1	1	1	1	1	1	1
719	OTU_3271	1	1	1	1	1	1	1
720	OTU_3275	1	1	1	1	1	1	1
721	OTU_328	1	1	1	1	1	1	1
722	OTU_329	1	1	1	1	1	1	1
723	OTU_3290	1	1	1	1	1	1	1
724	OTU_3291	1	1	1	1	1	1	1
725	OTU_3294	1	1	1	1	1	1	1
726	OTU_33	1	1	1	1	1	1	1
727	OTU_330	1	1	1	1	1	1	1
728	OTU_3305	1	1	1	1	1	1	1
729	OTU_3308	1	1	1	1	1	1	1
730	OTU_331	1	1	1	1	1	1	1
731	OTU_3330	1	1	1	1	1	1	1
732	OTU_3344	1	1	1	1	1	1	1
733	OTU_3345	1	1	1	1	1	1	1
734	OTU_336	1	1	1	1	1	1	1
735	OTU_337	1	1	1	1	1	1	1
736	OTU_3371	1	1	1	1	1	1	1
737	OTU_339	1	1	1	1	1	1	1
738	OTU_34	1	1	1	1	1	1	1
739	OTU_340	1	1	1	1	1	1	1
740	OTU_3403	1	1	1	1	1	1	1
741	OTU_3409	1	1	1	1	1	1	1
742	OTU_3415	1	1	1	1	1	1	1
743	OTU_343	1	1	1	1	1	1	1
744	OTU_3432	1	1	1	1	1	1	1
745	OTU_344	1	1	1	1	1	1	1
746	OTU_3459	1	1	1	1	1	1	1
747	OTU_3461	1	1	1	1	1	1	1
748	OTU_347	1	1	1	1	1	1	1
749	OTU_348	1	1	1	1	1	1	1
750	OTU_349	1	1	1	1	1	1	1
751	OTU_3491	1	1	1	1	1	1	1
752	OTU_35	1	1	1	1	1	1	1
753	OTU_350	1	1	1	1	1	1	1
754	OTU_3502	1	1	1	1	1	1	1
755	OTU_3518	1	1	1	1	1	1	1
756	OTU_3520	1	1	1	1	1	1	1
757	OTU_353	1	1	1	1	1	1	1
758	OTU_354	1	1	1	1	1	1	1
759	OTU_3540	1	1	1	1	1	1	1
760	OTU_355	1	1	1	1	1	1	1
761	OTU_3555	1	1	1	1	1	1	1
762	OTU_3556	1	1	1	1	1	1	1
763	OTU_356	1	1	1	1	1	1	1
764	OTU_3564	1	1	1	1	1	1	1
765	OTU_357	1	1	1	1	1	1	1
766	OTU_3576	1	1	1	1	1	1	1
767	OTU_358	1	1	1	1	1	1	1
768	OTU_359	1	1	1	1	1	1	1
769	OTU_36	1	1	1	1	1	1	1
770	OTU_360	1	1	1	1	1	1	1
771	OTU_361	1	1	1	1	1	1	1
772	OTU_3617	1	1	1	1	1	1	1
773	OTU_363	1	1	1	1	1	1	1
774	OTU_3630	1	1	1	1	1	1	1
775	OTU_364	1	1	1	1	1	1	1
776	OTU_3643	1	1	1	1	1	1	1
777	OTU_3648	1	1	1	1	1	1	1
778	OTU_365	1	1	1	1	1	1	1
779	OTU_3657	1	1	1	1	1	1	1
780	OTU_366	1	1	1	1	1	1	1
781	OTU_3663	1	1	1	1	1	1	1
782	OTU_3674	1	1	1	1	1	1	1
783	OTU_3676	1	1	1	1	1	1	1
784	OTU_369	1	1	1	1	1	1	1
785	OTU_3691	1	1	1	1	1	1	1
786	OTU_37	1	1	1	1	1	1	1
787	OTU_370	1	1	1	1	1	1	1
788	OTU_3709	1	1	1	1	1	1	1
789	OTU_372	1	1	1	1	1	1	1
790	OTU_373	1	1	1	1	1	1	1
791	OTU_374	1	1	1	1	1	1	1
792	OTU_375	1	1	1	1	1	1	1
793	OTU_376	1	1	1	1	1	1	1
794	OTU_3760	1	1	1	1	1	1	1
795	OTU_3775	1	1	1	1	1	1	1
796	OTU_3776	1	1	1	1	1	1	1
797	OTU_3777	1	1	1	1	1	1	1
798	OTU_3787	1	1	1	1	1	1	1
799	OTU_379	1	1	1	1	1	1	1
800	OTU_3797	1	1	1	1	1	1	1
801	OTU_3798	1	1	1	1	1	1	1
802	OTU_38	1	1	1	1	1	1	1
803	OTU_3800	1	1	1	1	1	1	1
804	OTU_381	1	1	1	1	1	1	1
805	OTU_382	1	1	1	1	1	1	1
806	OTU_3826	1	1	1	1	1	1	1
807	OTU_385	1	1	1	1	1	1	1
808	OTU_3855	1	1	1	1	1	1	1
809	OTU_386	1	1	1	1	1	1	1
810	OTU_387	1	1	1	1	1	1	1
811	OTU_3884	1	1	1	1	1	1	1
812	OTU_39	1	1	1	1	1	1	1
813	OTU_390	1	1	1	1	1	1	1
814	OTU_3915	1	1	1	1	1	1	1
815	OTU_394	1	1	1	1	1	1	1
816	OTU_395	1	1	1	1	1	1	1
817	OTU_396	1	1	1	1	1	1	1
818	OTU_3963	1	1	1	1	1	1	1
819	OTU_397	1	1	1	1	1	1	1
820	OTU_3970	1	1	1	1	1	1	1
821	OTU_398	1	1	1	1	1	1	1
822	OTU_3984	1	1	1	1	1	1	1
823	OTU_3986	1	1	1	1	1	1	1
824	OTU_3987	1	1	1	1	1	1	1
825	OTU_4	1	1	1	1	1	1	1
826	OTU_40	1	1	1	1	1	1	1
827	OTU_401	1	1	1	1	1	1	1
828	OTU_402	1	1	1	1	1	1	1
829	OTU_4047	1	1	1	1	1	1	1
830	OTU_405	1	1	1	1	1	1	1
831	OTU_4062	1	1	1	1	1	1	1
832	OTU_4068	1	1	1	1	1	1	1
833	OTU_407	1	1	1	1	1	1	1
834	OTU_408	1	1	1	1	1	1	1
835	OTU_4086	1	1	1	1	1	1	1
836	OTU_4089	1	1	1	1	1	1	1
837	OTU_4091	1	1	1	1	1	1	1
838	OTU_4094	1	1	1	1	1	1	1
839	OTU_41	1	1	1	1	1	1	1
840	OTU_410	1	1	1	1	1	1	1
841	OTU_4102	1	1	1	1	1	1	1
842	OTU_411	1	1	1	1	1	1	1
843	OTU_412	1	1	1	1	1	1	1
844	OTU_4125	1	1	1	1	1	1	1
845	OTU_415	1	1	1	1	1	1	1
846	OTU_4158	1	1	1	1	1	1	1
847	OTU_416	1	1	1	1	1	1	1
848	OTU_417	1	1	1	1	1	1	1
849	OTU_4174	1	1	1	1	1	1	1
850	OTU_4175	1	1	1	1	1	1	1
851	OTU_418	1	1	1	1	1	1	1
852	OTU_419	1	1	1	1	1	1	1
853	OTU_42	1	1	1	1	1	1	1
854	OTU_421	1	1	1	1	1	1	1
855	OTU_422	1	1	1	1	1	1	1
856	OTU_4223	1	1	1	1	1	1	1
857	OTU_425	1	1	1	1	1	1	1
858	OTU_4253	1	1	1	1	1	1	1
859	OTU_4263	1	1	1	1	1	1	1
860	OTU_4268	1	1	1	1	1	1	1
861	OTU_427	1	1	1	1	1	1	1
862	OTU_4279	1	1	1	1	1	1	1
863	OTU_428	1	1	1	1	1	1	1
864	OTU_429	1	1	1	1	1	1	1
865	OTU_4291	1	1	1	1	1	1	1
866	OTU_4294	1	1	1	1	1	1	1
867	OTU_4295	1	1	1	1	1	1	1
868	OTU_43	1	1	1	1	1	1	1
869	OTU_430	1	1	1	1	1	1	1
870	OTU_4318	1	1	1	1	1	1	1
871	OTU_432	1	1	1	1	1	1	1
872	OTU_435	1	1	1	1	1	1	1
873	OTU_4356	1	1	1	1	1	1	1
874	OTU_436	1	1	1	1	1	1	1
875	OTU_4378	1	1	1	1	1	1	1
876	OTU_438	1	1	1	1	1	1	1
877	OTU_4387	1	1	1	1	1	1	1
878	OTU_44	1	1	1	1	1	1	1
879	OTU_442	1	1	1	1	1	1	1
880	OTU_444	1	1	1	1	1	1	1
881	OTU_445	1	1	1	1	1	1	1
882	OTU_4451	1	1	1	1	1	1	1
883	OTU_446	1	1	1	1	1	1	1
884	OTU_4463	1	1	1	1	1	1	1
885	OTU_448	1	1	1	1	1	1	1
886	OTU_449	1	1	1	1	1	1	1
887	OTU_4498	1	1	1	1	1	1	1
888	OTU_45	1	1	1	1	1	1	1
889	OTU_4500	1	1	1	1	1	1	1
890	OTU_4501	1	1	1	1	1	1	1
891	OTU_451	1	1	1	1	1	1	1
892	OTU_4528	1	1	1	1	1	1	1
893	OTU_453	1	1	1	1	1	1	1
894	OTU_4532	1	1	1	1	1	1	1
895	OTU_4534	1	1	1	1	1	1	1
896	OTU_4546	1	1	1	1	1	1	1
897	OTU_455	1	1	1	1	1	1	1
898	OTU_46	1	1	1	1	1	1	1
899	OTU_460	1	1	1	1	1	1	1
900	OTU_4607	1	1	1	1	1	1	1
901	OTU_461	1	1	1	1	1	1	1
902	OTU_4626	1	1	1	1	1	1	1
903	OTU_463	1	1	1	1	1	1	1
904	OTU_465	1	1	1	1	1	1	1
905	OTU_4656	1	1	1	1	1	1	1
906	OTU_466	1	1	1	1	1	1	1
907	OTU_4668	1	1	1	1	1	1	1
908	OTU_47	1	1	1	1	1	1	1
909	OTU_470	1	1	1	1	1	1	1
910	OTU_4703	1	1	1	1	1	1	1
911	OTU_472	1	1	1	1	1	1	1
912	OTU_4742	1	1	1	1	1	1	1
913	OTU_4748	1	1	1	1	1	1	1
914	OTU_476	1	1	1	1	1	1	1
915	OTU_477	1	1	1	1	1	1	1
916	OTU_4773	1	1	1	1	1	1	1
917	OTU_478	1	1	1	1	1	1	1
918	OTU_4781	1	1	1	1	1	1	1
919	OTU_48	1	1	1	1	1	1	1
920	OTU_481	1	1	1	1	1	1	1
921	OTU_483	1	1	1	1	1	1	1
922	OTU_4833	1	1	1	1	1	1	1
923	OTU_484	1	1	1	1	1	1	1
924	OTU_4859	1	1	1	1	1	1	1
925	OTU_4867	1	1	1	1	1	1	1
926	OTU_489	1	1	1	1	1	1	1
927	OTU_4895	1	1	1	1	1	1	1
928	OTU_49	1	1	1	1	1	1	1
929	OTU_491	1	1	1	1	1	1	1
930	OTU_493	1	1	1	1	1	1	1
931	OTU_494	1	1	1	1	1	1	1
932	OTU_495	1	1	1	1	1	1	1
933	OTU_4963	1	1	1	1	1	1	1
934	OTU_497	1	1	1	1	1	1	1
935	OTU_499	1	1	1	1	1	1	1
936	OTU_5	1	1	1	1	1	1	1
937	OTU_50	1	1	1	1	1	1	1
938	OTU_500	1	1	1	1	1	1	1
939	OTU_501	1	1	1	1	1	1	1
940	OTU_5019	1	1	1	1	1	1	1
941	OTU_502	1	1	1	1	1	1	1
942	OTU_5029	1	1	1	1	1	1	1
943	OTU_503	1	1	1	1	1	1	1
944	OTU_504	1	1	1	1	1	1	1
945	OTU_507	1	1	1	1	1	1	1
946	OTU_5072	1	1	1	1	1	1	1
947	OTU_51	1	1	1	1	1	1	1
948	OTU_515	1	1	1	1	1	1	1
949	OTU_516	1	1	1	1	1	1	1
950	OTU_5160	1	1	1	1	1	1	1
951	OTU_518	1	1	1	1	1	1	1
952	OTU_5185	1	1	1	1	1	1	1
953	OTU_5186	1	1	1	1	1	1	1
954	OTU_5188	1	1	1	1	1	1	1
955	OTU_519	1	1	1	1	1	1	1
956	OTU_5190	1	1	1	1	1	1	1
957	OTU_52	1	1	1	1	1	1	1
958	OTU_520	1	1	1	1	1	1	1
959	OTU_5204	1	1	1	1	1	1	1
960	OTU_521	1	1	1	1	1	1	1
961	OTU_522	1	1	1	1	1	1	1
962	OTU_5226	1	1	1	1	1	1	1
963	OTU_523	1	1	1	1	1	1	1
964	OTU_5230	1	1	1	1	1	1	1
965	OTU_525	1	1	1	1	1	1	1
966	OTU_526	1	1	1	1	1	1	1
967	OTU_5290	1	1	1	1	1	1	1
968	OTU_5291	1	1	1	1	1	1	1
969	OTU_53	1	1	1	1	1	1	1
970	OTU_530	1	1	1	1	1	1	1
971	OTU_532	1	1	1	1	1	1	1
972	OTU_5323	1	1	1	1	1	1	1
973	OTU_534	1	1	1	1	1	1	1
974	OTU_5340	1	1	1	1	1	1	1
975	OTU_5367	1	1	1	1	1	1	1
976	OTU_5371	1	1	1	1	1	1	1
977	OTU_539	1	1	1	1	1	1	1
978	OTU_54	1	1	1	1	1	1	1
979	OTU_541	1	1	1	1	1	1	1
980	OTU_5417	1	1	1	1	1	1	1
981	OTU_542	1	1	1	1	1	1	1
982	OTU_544	1	1	1	1	1	1	1
983	OTU_5448	1	1	1	1	1	1	1
984	OTU_547	1	1	1	1	1	1	1
985	OTU_5495	1	1	1	1	1	1	1
986	OTU_55	1	1	1	1	1	1	1
987	OTU_550	1	1	1	1	1	1	1
988	OTU_5503	1	1	1	1	1	1	1
989	OTU_553	1	1	1	1	1	1	1
990	OTU_5568	1	1	1	1	1	1	1
991	OTU_5570	1	1	1	1	1	1	1
992	OTU_5571	1	1	1	1	1	1	1
993	OTU_5575	1	1	1	1	1	1	1
994	OTU_5586	1	1	1	1	1	1	1
995	OTU_56	1	1	1	1	1	1	1
996	OTU_560	1	1	1	1	1	1	1
997	OTU_5605	1	1	1	1	1	1	1
998	OTU_5608	1	1	1	1	1	1	1
999	OTU_5626	1	1	1	1	1	1	1
1000	OTU_5629	1	1	1	1	1	1	1
1001	OTU_563	1	1	1	1	1	1	1
1002	OTU_564	1	1	1	1	1	1	1
1003	OTU_566	1	1	1	1	1	1	1
1004	OTU_568	1	1	1	1	1	1	1
1005	OTU_569	1	1	1	1	1	1	1
1006	OTU_57	1	1	1	1	1	1	1
1007	OTU_571	1	1	1	1	1	1	1
1008	OTU_5712	1	1	1	1	1	1	1
1009	OTU_573	1	1	1	1	1	1	1
1010	OTU_5763	1	1	1	1	1	1	1
1011	OTU_58	1	1	1	1	1	1	1
1012	OTU_581	1	1	1	1	1	1	1
1013	OTU_5815	1	1	1	1	1	1	1
1014	OTU_584	1	1	1	1	1	1	1
1015	OTU_586	1	1	1	1	1	1	1
1016	OTU_5863	1	1	1	1	1	1	1
1017	OTU_5865	1	1	1	1	1	1	1
1018	OTU_5867	1	1	1	1	1	1	1
1019	OTU_5874	1	1	1	1	1	1	1
1020	OTU_5877	1	1	1	1	1	1	1
1021	OTU_59	1	1	1	1	1	1	1
1022	OTU_5916	1	1	1	1	1	1	1
1023	OTU_592	1	1	1	1	1	1	1
1024	OTU_5931	1	1	1	1	1	1	1
1025	OTU_5951	1	1	1	1	1	1	1
1026	OTU_5952	1	1	1	1	1	1	1
1027	OTU_597	1	1	1	1	1	1	1
1028	OTU_5972	1	1	1	1	1	1	1
1029	OTU_5976	1	1	1	1	1	1	1
1030	OTU_6	1	1	1	1	1	1	1
1031	OTU_60	1	1	1	1	1	1	1
1032	OTU_600	1	1	1	1	1	1	1
1033	OTU_602	1	1	1	1	1	1	1
1034	OTU_603	1	1	1	1	1	1	1
1035	OTU_6035	1	1	1	1	1	1	1
1036	OTU_6046	1	1	1	1	1	1	1
1037	OTU_606	1	1	1	1	1	1	1
1038	OTU_6080	1	1	1	1	1	1	1
1039	OTU_6087	1	1	1	1	1	1	1
1040	OTU_609	1	1	1	1	1	1	1
1041	OTU_6097	1	1	1	1	1	1	1
1042	OTU_61	1	1	1	1	1	1	1
1043	OTU_611	1	1	1	1	1	1	1
1044	OTU_612	1	1	1	1	1	1	1
1045	OTU_614	1	1	1	1	1	1	1
1046	OTU_6146	1	1	1	1	1	1	1
1047	OTU_615	1	1	1	1	1	1	1
1048	OTU_617	1	1	1	1	1	1	1
1049	OTU_6187	1	1	1	1	1	1	1
1050	OTU_6197	1	1	1	1	1	1	1
1051	OTU_62	1	1	1	1	1	1	1
1052	OTU_623	1	1	1	1	1	1	1
1053	OTU_6230	1	1	1	1	1	1	1
1054	OTU_6231	1	1	1	1	1	1	1
1055	OTU_625	1	1	1	1	1	1	1
1056	OTU_6260	1	1	1	1	1	1	1
1057	OTU_6264	1	1	1	1	1	1	1
1058	OTU_627	1	1	1	1	1	1	1
1059	OTU_6287	1	1	1	1	1	1	1
1060	OTU_629	1	1	1	1	1	1	1
1061	OTU_6291	1	1	1	1	1	1	1
1062	OTU_6292	1	1	1	1	1	1	1
1063	OTU_63	1	1	1	1	1	1	1
1064	OTU_630	1	1	1	1	1	1	1
1065	OTU_6305	1	1	1	1	1	1	1
1066	OTU_631	1	1	1	1	1	1	1
1067	OTU_633	1	1	1	1	1	1	1
1068	OTU_6339	1	1	1	1	1	1	1
1069	OTU_634	1	1	1	1	1	1	1
1070	OTU_6362	1	1	1	1	1	1	1
1071	OTU_6375	1	1	1	1	1	1	1
1072	OTU_639	1	1	1	1	1	1	1
1073	OTU_64	1	1	1	1	1	1	1
1074	OTU_642	1	1	1	1	1	1	1
1075	OTU_6426	1	1	1	1	1	1	1
1076	OTU_644	1	1	1	1	1	1	1
1077	OTU_645	1	1	1	1	1	1	1
1078	OTU_646	1	1	1	1	1	1	1
1079	OTU_647	1	1	1	1	1	1	1
1080	OTU_648	1	1	1	1	1	1	1
1081	OTU_649	1	1	1	1	1	1	1
1082	OTU_6491	1	1	1	1	1	1	1
1083	OTU_6496	1	1	1	1	1	1	1
1084	OTU_65	1	1	1	1	1	1	1
1085	OTU_650	1	1	1	1	1	1	1
1086	OTU_651	1	1	1	1	1	1	1
1087	OTU_652	1	1	1	1	1	1	1
1088	OTU_653	1	1	1	1	1	1	1
1089	OTU_654	1	1	1	1	1	1	1
1090	OTU_6555	1	1	1	1	1	1	1
1091	OTU_656	1	1	1	1	1	1	1
1092	OTU_658	1	1	1	1	1	1	1
1093	OTU_66	1	1	1	1	1	1	1
1094	OTU_660	1	1	1	1	1	1	1
1095	OTU_662	1	1	1	1	1	1	1
1096	OTU_663	1	1	1	1	1	1	1
1097	OTU_6636	1	1	1	1	1	1	1
1098	OTU_664	1	1	1	1	1	1	1
1099	OTU_666	1	1	1	1	1	1	1
1100	OTU_6698	1	1	1	1	1	1	1
1101	OTU_67	1	1	1	1	1	1	1
1102	OTU_6704	1	1	1	1	1	1	1
1103	OTU_671	1	1	1	1	1	1	1
1104	OTU_6757	1	1	1	1	1	1	1
1105	OTU_676	1	1	1	1	1	1	1
1106	OTU_6761	1	1	1	1	1	1	1
1107	OTU_6762	1	1	1	1	1	1	1
1108	OTU_677	1	1	1	1	1	1	1
1109	OTU_6780	1	1	1	1	1	1	1
1110	OTU_679	1	1	1	1	1	1	1
1111	OTU_68	1	1	1	1	1	1	1
1112	OTU_681	1	1	1	1	1	1	1
1113	OTU_6850	1	1	1	1	1	1	1
1114	OTU_6857	1	1	1	1	1	1	1
1115	OTU_6861	1	1	1	1	1	1	1
1116	OTU_688	1	1	1	1	1	1	1
1117	OTU_69	1	1	1	1	1	1	1
1118	OTU_691	1	1	1	1	1	1	1
1119	OTU_692	1	1	1	1	1	1	1
1120	OTU_694	1	1	1	1	1	1	1
1121	OTU_6952	1	1	1	1	1	1	1
1122	OTU_697	1	1	1	1	1	1	1
1123	OTU_698	1	1	1	1	1	1	1
1124	OTU_6989	1	1	1	1	1	1	1
1125	OTU_6995	1	1	1	1	1	1	1
1126	OTU_6997	1	1	1	1	1	1	1
1127	OTU_7	1	1	1	1	1	1	1
1128	OTU_70	1	1	1	1	1	1	1
1129	OTU_700	1	1	1	1	1	1	1
1130	OTU_703	1	1	1	1	1	1	1
1131	OTU_707	1	1	1	1	1	1	1
1132	OTU_71	1	1	1	1	1	1	1
1133	OTU_7100	1	1	1	1	1	1	1
1134	OTU_711	1	1	1	1	1	1	1
1135	OTU_712	1	1	1	1	1	1	1
1136	OTU_715	1	1	1	1	1	1	1
1137	OTU_7157	1	1	1	1	1	1	1
1138	OTU_717	1	1	1	1	1	1	1
1139	OTU_7175	1	1	1	1	1	1	1
1140	OTU_7192	1	1	1	1	1	1	1
1141	OTU_72	1	1	1	1	1	1	1
1142	OTU_7227	1	1	1	1	1	1	1
1143	OTU_723	1	1	1	1	1	1	1
1144	OTU_724	1	1	1	1	1	1	1
1145	OTU_7250	1	1	1	1	1	1	1
1146	OTU_726	1	1	1	1	1	1	1
1147	OTU_73	1	1	1	1	1	1	1
1148	OTU_731	1	1	1	1	1	1	1
1149	OTU_732	1	1	1	1	1	1	1
1150	OTU_733	1	1	1	1	1	1	1
1151	OTU_734	1	1	1	1	1	1	1
1152	OTU_7347	1	1	1	1	1	1	1
1153	OTU_735	1	1	1	1	1	1	1
1154	OTU_736	1	1	1	1	1	1	1
1155	OTU_7389	1	1	1	1	1	1	1
1156	OTU_7395	1	1	1	1	1	1	1
1157	OTU_74	1	1	1	1	1	1	1
1158	OTU_740	1	1	1	1	1	1	1
1159	OTU_741	1	1	1	1	1	1	1
1160	OTU_744	1	1	1	1	1	1	1
1161	OTU_7459	1	1	1	1	1	1	1
1162	OTU_7460	1	1	1	1	1	1	1
1163	OTU_7488	1	1	1	1	1	1	1
1164	OTU_7490	1	1	1	1	1	1	1
1165	OTU_75	1	1	1	1	1	1	1
1166	OTU_7512	1	1	1	1	1	1	1
1167	OTU_7538	1	1	1	1	1	1	1
1168	OTU_754	1	1	1	1	1	1	1
1169	OTU_7557	1	1	1	1	1	1	1
1170	OTU_756	1	1	1	1	1	1	1
1171	OTU_7597	1	1	1	1	1	1	1
1172	OTU_76	1	1	1	1	1	1	1
1173	OTU_764	1	1	1	1	1	1	1
1174	OTU_766	1	1	1	1	1	1	1
1175	OTU_7661	1	1	1	1	1	1	1
1176	OTU_7668	1	1	1	1	1	1	1
1177	OTU_7669	1	1	1	1	1	1	1
1178	OTU_767	1	1	1	1	1	1	1
1179	OTU_7673	1	1	1	1	1	1	1
1180	OTU_769	1	1	1	1	1	1	1
1181	OTU_77	1	1	1	1	1	1	1
1182	OTU_770	1	1	1	1	1	1	1
1183	OTU_772	1	1	1	1	1	1	1
1184	OTU_773	1	1	1	1	1	1	1
1185	OTU_774	1	1	1	1	1	1	1
1186	OTU_7758	1	1	1	1	1	1	1
1187	OTU_7760	1	1	1	1	1	1	1
1188	OTU_778	1	1	1	1	1	1	1
1189	OTU_7781	1	1	1	1	1	1	1
1190	OTU_78	1	1	1	1	1	1	1
1191	OTU_7800	1	1	1	1	1	1	1
1192	OTU_7819	1	1	1	1	1	1	1
1193	OTU_783	1	1	1	1	1	1	1
1194	OTU_7830	1	1	1	1	1	1	1
1195	OTU_7838	1	1	1	1	1	1	1
1196	OTU_7850	1	1	1	1	1	1	1
1197	OTU_787	1	1	1	1	1	1	1
1198	OTU_79	1	1	1	1	1	1	1
1199	OTU_7904	1	1	1	1	1	1	1
1200	OTU_791	1	1	1	1	1	1	1
1201	OTU_795	1	1	1	1	1	1	1
1202	OTU_796	1	1	1	1	1	1	1
1203	OTU_798	1	1	1	1	1	1	1
1204	OTU_8	1	1	1	1	1	1	1
1205	OTU_80	1	1	1	1	1	1	1
1206	OTU_8004	1	1	1	1	1	1	1
1207	OTU_8012	1	1	1	1	1	1	1
1208	OTU_802	1	1	1	1	1	1	1
1209	OTU_8037	1	1	1	1	1	1	1
1210	OTU_8050	1	1	1	1	1	1	1
1211	OTU_807	1	1	1	1	1	1	1
1212	OTU_809	1	1	1	1	1	1	1
1213	OTU_81	1	1	1	1	1	1	1
1214	OTU_813	1	1	1	1	1	1	1
1215	OTU_8144	1	1	1	1	1	1	1
1216	OTU_8167	1	1	1	1	1	1	1
1217	OTU_817	1	1	1	1	1	1	1
1218	OTU_8173	1	1	1	1	1	1	1
1219	OTU_819	1	1	1	1	1	1	1
1220	OTU_8191	1	1	1	1	1	1	1
1221	OTU_82	1	1	1	1	1	1	1
1222	OTU_821	1	1	1	1	1	1	1
1223	OTU_8222	1	1	1	1	1	1	1
1224	OTU_8223	1	1	1	1	1	1	1
1225	OTU_823	1	1	1	1	1	1	1
1226	OTU_824	1	1	1	1	1	1	1
1227	OTU_825	1	1	1	1	1	1	1
1228	OTU_8255	1	1	1	1	1	1	1
1229	OTU_827	1	1	1	1	1	1	1
1230	OTU_8284	1	1	1	1	1	1	1
1231	OTU_83	1	1	1	1	1	1	1
1232	OTU_830	1	1	1	1	1	1	1
1233	OTU_8312	1	1	1	1	1	1	1
1234	OTU_8327	1	1	1	1	1	1	1
1235	OTU_833	1	1	1	1	1	1	1
1236	OTU_834	1	1	1	1	1	1	1
1237	OTU_8351	1	1	1	1	1	1	1
1238	OTU_8397	1	1	1	1	1	1	1
1239	OTU_84	1	1	1	1	1	1	1
1240	OTU_840	1	1	1	1	1	1	1
1241	OTU_8416	1	1	1	1	1	1	1
1242	OTU_8424	1	1	1	1	1	1	1
1243	OTU_8451	1	1	1	1	1	1	1
1244	OTU_8479	1	1	1	1	1	1	1
1245	OTU_8483	1	1	1	1	1	1	1
1246	OTU_849	1	1	1	1	1	1	1
1247	OTU_85	1	1	1	1	1	1	1
1248	OTU_853	1	1	1	1	1	1	1
1249	OTU_857	1	1	1	1	1	1	1
1250	OTU_8577	1	1	1	1	1	1	1
1251	OTU_8610	1	1	1	1	1	1	1
1252	OTU_8625	1	1	1	1	1	1	1
1253	OTU_864	1	1	1	1	1	1	1
1254	OTU_8641	1	1	1	1	1	1	1
1255	OTU_865	1	1	1	1	1	1	1
1256	OTU_868	1	1	1	1	1	1	1
1257	OTU_869	1	1	1	1	1	1	1
1258	OTU_87	1	1	1	1	1	1	1
1259	OTU_872	1	1	1	1	1	1	1
1260	OTU_8746	1	1	1	1	1	1	1
1261	OTU_875	1	1	1	1	1	1	1
1262	OTU_8761	1	1	1	1	1	1	1
1263	OTU_8768	1	1	1	1	1	1	1
1264	OTU_8772	1	1	1	1	1	1	1
1265	OTU_8779	1	1	1	1	1	1	1
1266	OTU_8784	1	1	1	1	1	1	1
1267	OTU_879	1	1	1	1	1	1	1
1268	OTU_8792	1	1	1	1	1	1	1
1269	OTU_88	1	1	1	1	1	1	1
1270	OTU_8810	1	1	1	1	1	1	1
1271	OTU_8847	1	1	1	1	1	1	1
1272	OTU_89	1	1	1	1	1	1	1
1273	OTU_8904	1	1	1	1	1	1	1
1274	OTU_8908	1	1	1	1	1	1	1
1275	OTU_895	1	1	1	1	1	1	1
1276	OTU_896	1	1	1	1	1	1	1
1277	OTU_897	1	1	1	1	1	1	1
1278	OTU_898	1	1	1	1	1	1	1
1279	OTU_8984	1	1	1	1	1	1	1
1280	OTU_8994	1	1	1	1	1	1	1
1281	OTU_9	1	1	1	1	1	1	1
1282	OTU_90	1	1	1	1	1	1	1
1283	OTU_9006	1	1	1	1	1	1	1
1284	OTU_9008	1	1	1	1	1	1	1
1285	OTU_901	1	1	1	1	1	1	1
1286	OTU_9020	1	1	1	1	1	1	1
1287	OTU_903	1	1	1	1	1	1	1
1288	OTU_907	1	1	1	1	1	1	1
1289	OTU_9094	1	1	1	1	1	1	1
1290	OTU_9097	1	1	1	1	1	1	1
1291	OTU_91	1	1	1	1	1	1	1
1292	OTU_9119	1	1	1	1	1	1	1
1293	OTU_9124	1	1	1	1	1	1	1
1294	OTU_914	1	1	1	1	1	1	1
1295	OTU_9152	1	1	1	1	1	1	1
1296	OTU_9157	1	1	1	1	1	1	1
1297	OTU_9166	1	1	1	1	1	1	1
1298	OTU_919	1	1	1	1	1	1	1
1299	OTU_9190	1	1	1	1	1	1	1
1300	OTU_92	1	1	1	1	1	1	1
1301	OTU_9202	1	1	1	1	1	1	1
1302	OTU_922	1	1	1	1	1	1	1
1303	OTU_9225	1	1	1	1	1	1	1
1304	OTU_9227	1	1	1	1	1	1	1
1305	OTU_923	1	1	1	1	1	1	1
1306	OTU_9236	1	1	1	1	1	1	1
1307	OTU_9237	1	1	1	1	1	1	1
1308	OTU_9239	1	1	1	1	1	1	1
1309	OTU_926	1	1	1	1	1	1	1
1310	OTU_927	1	1	1	1	1	1	1
1311	OTU_929	1	1	1	1	1	1	1
1312	OTU_93	1	1	1	1	1	1	1
1313	OTU_930	1	1	1	1	1	1	1
1314	OTU_931	1	1	1	1	1	1	1
1315	OTU_932	1	1	1	1	1	1	1
1316	OTU_936	1	1	1	1	1	1	1
1317	OTU_9367	1	1	1	1	1	1	1
1318	OTU_937	1	1	1	1	1	1	1
1319	OTU_939	1	1	1	1	1	1	1
1320	OTU_9396	1	1	1	1	1	1	1
1321	OTU_9397	1	1	1	1	1	1	1
1322	OTU_94	1	1	1	1	1	1	1
1323	OTU_940	1	1	1	1	1	1	1
1324	OTU_941	1	1	1	1	1	1	1
1325	OTU_9427	1	1	1	1	1	1	1
1326	OTU_9435	1	1	1	1	1	1	1
1327	OTU_9437	1	1	1	1	1	1	1
1328	OTU_95	1	1	1	1	1	1	1
1329	OTU_950	1	1	1	1	1	1	1
1330	OTU_9500	1	1	1	1	1	1	1
1331	OTU_952	1	1	1	1	1	1	1
1332	OTU_953	1	1	1	1	1	1	1
1333	OTU_955	1	1	1	1	1	1	1
1334	OTU_956	1	1	1	1	1	1	1
1335	OTU_957	1	1	1	1	1	1	1
1336	OTU_958	1	1	1	1	1	1	1
1337	OTU_96	1	1	1	1	1	1	1
1338	OTU_962	1	1	1	1	1	1	1
1339	OTU_963	1	1	1	1	1	1	1
1340	OTU_9658	1	1	1	1	1	1	1
1341	OTU_9659	1	1	1	1	1	1	1
1342	OTU_9679	1	1	1	1	1	1	1
1343	OTU_9688	1	1	1	1	1	1	1
1344	OTU_969	1	1	1	1	1	1	1
1345	OTU_97	1	1	1	1	1	1	1
1346	OTU_970	1	1	1	1	1	1	1
1347	OTU_9717	1	1	1	1	1	1	1
1348	OTU_974	1	1	1	1	1	1	1
1349	OTU_9765	1	1	1	1	1	1	1
1350	OTU_977	1	1	1	1	1	1	1
1351	OTU_98	1	1	1	1	1	1	1
1352	OTU_980	1	1	1	1	1	1	1
1353	OTU_982	1	1	1	1	1	1	1
1354	OTU_983	1	1	1	1	1	1	1
1355	OTU_9854	1	1	1	1	1	1	1
1356	OTU_986	1	1	1	1	1	1	1
1357	OTU_9862	1	1	1	1	1	1	1
1358	OTU_99	1	1	1	1	1	1	1
1359	OTU_991	1	1	1	1	1	1	1
1360	OTU_9921	1	1	1	1	1	1	1
1361	OTU_9951	1	1	1	1	1	1	1
1362	OTU_9963	1	1	1	1	1	1	1
1363	OTU_9968	1	1	1	1	1	1	1
1364	OTU_9998	1	1	1	1	1	1	1
